insert_msg_count	lookup_msg_count	cswap_msg_count	num_jobs_recv
0	0	0	0
0	0	0	0
0	0	0	0
0	0	0	0
0	0	0	0
0	0	0	0
0	0	0	0
0	0	0	0
1	1	1	0
1	1	1	0
1	1	1	0
1	1	1	0
1	1	1	0
1	1	1	0
1	1	1	0
1	1	1	0
1	1	1	0
1	1	1	0
1	1	1	0
1	1	1	0
1	1	1	0
1	1	1	0
1	1	1	0
1	1	1	0
1	1	1	0
1	1	1	0
1	1	1	0
1	1	1	0
1	1	1	0
1	1	1	0
1	1	1	0
1	1	1	0
1	1	1	0
1	1	1	0
1	1	1	0
1	1	1	0
1	1	1	0
1	1	1	0
1	1	1	0
1	1	1	0
1	1	1	0
1	1	1	0
1	1	1	0
1	1	1	0
1	1	1	0
1	1	1	0
1	1	1	0
1	1	1	0
1	1	1	0
1	1	1	0
1	1	1	0
1	1	1	0
1	1	1	0
1	1	1	0
1	1	1	0
1	1	1	0
1	1	1	0
1	1	1	0
1	1	1	0
1	1	1	0
1	1	1	0
1	1	1	0
1	1	1	0
1	1	1	0
1	1	1	0
1	1	1	0
1	5	4	3
1	13	12	7
1	20	20	9
1	23	22	11
1	28	28	13
1	33	32	16
1	39	39	18
1	43	42	21
1	50	50	25
1	55	55	26
1	55	55	26
1	55	55	26
1	55	55	26
1	59	58	29
1	67	66	33
1	73	73	35
1	77	76	38
1	83	83	40
1	83	83	40
1	86	86	43
1	91	92	44
1	95	95	46
1	95	96	46
1	95	96	46
1	95	96	46
1	95	96	46
1	95	96	46
1	95	96	46
1	95	96	46
1	95	96	46
1	95	96	46
1	95	96	46
1	95	96	46
1	95	96	46
1	95	96	46
1	95	96	46
1	95	96	46
1	95	96	46
1	95	96	46
1	95	96	46
1	95	96	46
1	95	96	46
1	95	96	46
1	95	96	46
1	95	96	46
1	95	96	46
1	95	96	46
