insert_msg_count	lookup_msg_count	cswap_msg_count	num_jobs_recv
1	0	0	0
1	0	0	0
1	0	0	0
1	0	0	0
1	0	0	0
1	0	0	0
2	1	1	0
2	1	1	0
2	1	1	0
2	1	1	0
2	1	1	0
2	1	1	0
2	1	1	0
2	1	1	0
2	1	1	0
2	1	1	0
2	1	1	0
2	1	1	0
2	1	1	0
2	1	1	0
2	1	1	0
2	1	1	0
2	1	1	0
2	1	1	0
2	1	1	0
2	1	1	0
2	1	1	0
2	1	1	0
2	1	1	0
2	1	1	0
2	1	1	0
2	1	1	0
2	1	1	0
2	1	1	0
2	1	1	0
2	1	1	0
2	1	1	0
2	1	1	0
2	1	1	0
2	1	1	0
2	1	1	0
2	1	1	0
2	1	1	0
2	1	1	0
2	1	1	0
2	1	1	0
2	1	1	0
2	1	1	0
2	1	1	0
2	1	1	0
2	1	1	0
2	1	1	0
2	1	1	0
2	1	1	0
2	1	1	0
2	1	1	0
2	1	1	0
2	1	1	0
2	1	1	0
2	1	1	0
2	1	1	0
2	1	1	0
2	1	1	0
2	1	1	0
2	8	7	4
2	16	15	8
2	21	22	10
2	21	22	10
2	22	22	11
2	29	29	14
2	32	32	16
2	37	38	18
2	39	39	19
2	45	46	22
2	45	46	22
2	48	49	25
2	56	56	28
2	64	64	32
2	71	71	36
2	77	78	38
2	77	78	38
2	79	79	39
2	85	86	42
2	87	87	43
2	94	95	48
2	101	102	50
2	104	105	52
2	109	111	54
2	109	111	54
2	109	111	54
2	109	111	54
2	109	111	54
2	109	111	54
2	109	111	54
2	109	111	54
2	109	111	54
2	109	111	54
2	109	111	54
2	109	111	54
2	109	111	54
2	109	111	54
2	109	111	54
2	109	111	54
2	109	111	54
2	109	111	54
2	109	111	54
2	109	111	54
2	109	111	54
2	109	111	54
2	109	111	54
2	109	111	54
2	109	111	54
2	109	111	54
