insert_msg_count	lookup_msg_count	cswap_msg_count	num_jobs_recv
0	0	0	0
0	0	0	0
0	0	0	0
0	0	0	0
0	0	0	0
0	0	0	0
0	0	0	0
1	1	1	0
1	1	1	0
1	1	1	0
1	1	1	0
1	1	1	0
1	1	1	0
1	1	1	0
1	1	1	0
1	1	1	0
1	1	1	0
1	1	1	0
1	1	1	0
1	1	1	0
1	1	1	0
1	1	1	0
1	1	1	0
1	1	1	0
1	1	1	0
1	1	1	0
1	1	1	0
1	1	1	0
1	1	1	0
1	5	5	3
1	9	11	4
1	14	15	7
1	22	23	11
1	26	30	12
1	29	33	14
1	35	41	16
1	35	41	16
1	40	45	19
1	48	53	22
1	55	62	24
1	59	65	26
1	67	73	30
1	74	82	34
1	82	90	38
1	88	98	40
1	88	98	40
1	88	98	40
1	91	101	42
1	97	109	44
1	97	109	44
1	97	109	44
1	97	109	44
1	97	109	44
1	97	109	44
1	97	109	44
1	97	109	44
1	97	109	44
1	97	109	44
1	97	109	44
1	97	109	44
1	97	109	44
1	97	109	44
1	97	109	44
1	97	109	44
1	97	109	44
1	97	109	44
1	97	109	44
1	97	109	44
1	97	109	44
1	97	109	44
1	97	109	44
1	97	109	44
1	97	109	44
1	97	109	44
1	97	109	44
1	97	109	44
1	97	109	44
1	97	109	44
1	97	109	44
1	97	109	44
1	97	109	44
1	97	109	44
1	97	109	44
1	97	109	44
1	97	109	44
1	97	109	44
1	97	109	44
1	97	109	44
1	97	109	44
1	97	109	44
1	97	109	44
1	97	109	44
1	97	109	44
1	97	109	44
1	97	109	44
1	97	109	44
1	97	109	44
1	97	109	44
1	97	109	44
1	97	109	44
1	97	109	44
1	97	109	44
1	97	109	44
1	97	109	44
1	97	109	44
1	97	109	44
1	97	109	44
1	97	109	44
1	97	109	44
1	97	109	44
1	97	109	44
1	97	109	44
1	97	109	44
1	97	109	44
