insert_msg_count	lookup_msg_count	cswap_msg_count	num_jobs_recv
1	0	0	0
1	0	0	0
1	0	0	0
1	0	0	0
1	0	0	0
1	0	0	0
2	1	1	0
2	1	1	0
2	1	1	0
2	1	1	0
2	1	1	0
2	1	1	0
2	1	1	0
2	1	1	0
2	1	1	0
2	1	1	0
2	1	1	0
2	1	1	0
2	1	1	0
2	1	1	0
2	1	1	0
2	1	1	0
2	1	1	0
2	1	1	0
2	1	1	0
2	1	1	0
2	1	1	0
2	3	3	2
2	12	11	6
2	17	18	8
2	21	22	11
2	25	30	12
2	25	30	12
2	30	34	15
2	36	40	17
2	39	45	19
2	48	53	23
2	51	62	24
2	51	62	24
2	54	65	26
2	60	71	28
2	60	74	28
2	60	74	28
2	60	74	28
2	63	76	30
2	71	84	34
2	79	92	38
2	85	98	40
2	88	103	42
2	96	111	46
2	104	119	50
2	111	127	54
2	118	134	56
2	118	134	56
2	118	134	56
2	118	134	56
2	118	134	56
2	118	134	56
2	118	134	56
2	118	134	56
2	118	134	56
2	118	134	56
2	118	134	56
2	118	134	56
2	118	134	56
2	118	134	56
2	118	134	56
2	118	134	56
2	118	134	56
2	118	134	56
2	118	134	56
2	118	134	56
2	118	134	56
2	118	134	56
2	118	134	56
2	118	134	56
2	118	134	56
2	118	134	56
2	118	134	56
2	118	134	56
2	118	134	56
2	118	134	56
2	118	134	56
2	118	134	56
2	118	134	56
2	118	134	56
2	118	134	56
2	118	134	56
2	118	134	56
2	118	134	56
2	118	134	56
2	118	134	56
2	118	134	56
2	118	134	56
2	118	134	56
2	118	134	56
2	118	134	56
2	118	134	56
2	118	134	56
2	118	134	56
2	118	134	56
2	118	134	56
2	118	134	56
2	118	134	56
2	118	134	56
2	118	134	56
2	118	134	56
2	118	134	56
2	118	134	56
2	118	134	56
2	118	134	56
2	118	134	56
2	118	134	56
2	118	134	56
