insert_msg_count	lookup_msg_count	cswap_msg_count	num_jobs_recv
1	0	0	0
1	0	0	0
1	0	0	0
1	0	0	0
1	0	0	0
1	0	0	0
2	1	1	0
2	1	1	0
2	1	1	0
2	1	1	0
2	1	1	0
2	1	1	0
2	1	1	0
2	1	1	0
2	1	1	0
2	1	1	0
2	1	1	0
2	1	1	0
2	1	1	0
2	1	1	0
2	1	1	0
2	1	1	0
2	1	1	0
2	1	1	0
2	1	1	0
2	1	1	0
2	1	1	0
2	1	1	0
2	1	1	0
2	1	1	0
2	1	1	0
2	1	1	0
2	1	1	0
2	1	1	0
2	1	1	0
2	1	1	0
2	1	1	0
2	1	1	0
2	1	1	0
2	1	1	0
2	1	1	0
2	1	1	0
2	8	7	4
2	16	15	8
2	20	22	9
2	22	24	11
2	27	31	12
2	29	32	13
2	34	40	15
2	34	40	15
2	40	44	18
2	47	53	21
2	52	60	23
2	52	60	23
2	57	64	26
2	64	72	29
2	69	80	31
2	73	84	34
2	81	92	37
2	89	99	41
2	94	107	43
2	94	107	43
2	94	107	43
2	94	107	43
2	98	111	46
2	106	119	50
2	109	122	50
2	109	122	50
2	109	122	50
2	109	122	50
2	109	122	50
2	109	122	50
2	109	122	50
2	109	122	50
2	109	122	50
2	109	122	50
2	109	122	50
2	109	122	50
2	109	122	50
2	109	122	50
2	109	122	50
2	109	122	50
2	109	122	50
2	109	122	50
2	109	122	50
2	109	122	50
2	109	122	50
2	109	122	50
2	109	122	50
2	109	122	50
2	109	122	50
2	109	122	50
2	109	122	50
2	109	122	50
2	109	122	50
2	109	122	50
2	109	122	50
2	109	122	50
2	109	122	50
