insert_msg_count	lookup_msg_count	cswap_msg_count	num_jobs_recv
0	0	0	0
0	0	0	0
0	0	0	0
0	0	0	0
0	0	0	0
0	0	0	0
0	0	0	0
1	1	1	0
1	1	1	0
1	1	1	0
1	1	1	0
1	1	1	0
1	1	1	0
1	1	1	0
1	1	1	0
1	1	1	0
1	1	1	0
1	1	1	0
1	1	1	0
1	1	1	0
1	1	1	0
1	1	1	0
1	1	1	0
1	1	1	0
1	1	1	0
1	1	1	0
1	1	1	0
1	1	1	0
1	1	1	0
1	1	1	0
1	1	1	0
1	1	1	0
1	1	1	0
1	1	1	0
1	1	1	0
1	1	1	0
1	1	1	0
1	1	1	0
1	1	1	0
1	1	1	0
1	1	1	0
1	1	1	0
1	1	1	0
1	1	1	0
1	7	6	3
1	13	15	5
1	18	20	8
1	25	26	10
1	30	33	13
1	38	42	16
1	42	48	17
1	42	48	17
1	46	52	20
1	54	60	23
1	58	67	24
1	58	67	24
1	63	71	27
1	67	78	28
1	67	78	28
1	67	78	28
1	72	82	31
1	80	90	35
1	88	98	39
1	96	106	43
1	100	113	44
1	100	113	44
1	105	118	47
1	112	124	50
1	112	125	50
1	112	125	50
1	112	125	50
1	112	125	50
1	112	125	50
1	112	125	50
1	112	125	50
1	112	125	50
1	112	125	50
1	112	125	50
1	112	125	50
1	112	125	50
1	112	125	50
1	112	125	50
1	112	125	50
1	112	125	50
1	112	125	50
1	112	125	50
1	112	125	50
1	112	125	50
1	112	125	50
1	112	125	50
1	112	125	50
1	112	125	50
1	112	125	50
1	112	125	50
1	112	125	50
1	112	125	50
1	112	125	50
1	112	125	50
1	112	125	50
