insert_msg_count	lookup_msg_count	cswap_msg_count
1	0	0
1	0	0
1	0	0
1	0	0
1	0	0
1	0	0
2	1	1
2	1	1
2	1	1
2	1	1
2	1	1
2	1	1
2	1	1
2	1	1
2	1	1
2	1	1
2	1	1
2	1	1
2	1	1
2	1	1
2	9	8
2	20	20
2	32	32
2	44	44
2	56	55
2	67	67
2	79	78
2	90	90
2	101	101
2	101	101
2	101	101
2	101	101
2	101	101
2	101	101
2	101	101
2	101	101
2	101	101
2	101	101
2	101	101
2	101	101
2	101	101
2	101	101
2	101	101
2	101	101
2	101	101
2	101	101
2	101	101
2	101	101
2	101	101
2	101	101
2	101	101
2	101	101
2	101	101
2	101	101
2	101	101
2	101	101
2	101	101
2	101	101
2	101	101
2	101	101
2	101	101
2	101	101
2	101	101
2	101	101
2	101	101
2	101	101
2	101	101
2	101	101
2	101	101
2	101	101
2	101	101
2	101	101
2	101	101
2	101	101
2	101	101
2	101	101
2	101	101
2	101	101
2	101	101
2	101	101
2	101	101
2	101	101
2	101	101
2	101	101
2	101	101
2	101	101
2	101	101
2	101	101
2	101	101
2	101	101
2	101	101
2	101	101
2	101	101
2	101	101
2	101	101
2	101	101
2	101	101
2	101	101
2	101	101
2	101	101
2	101	101
2	101	101
2	101	101
2	101	101
2	101	101
2	101	101
2	101	101
2	101	101
2	101	101
2	101	101
2	101	101
2	101	101
2	101	101
2	101	101
2	101	101
2	101	101
2	101	101
2	101	101
2	101	101
2	101	101
2	101	101
2	101	101
2	101	101
2	101	101
2	101	101
2	101	101
2	101	101
2	101	101
2	101	101
2	101	101
2	101	101
2	101	101
2	101	101
2	101	101
2	101	101
2	101	101
2	101	101
2	101	101
