insert_msg_count	lookup_msg_count	cswap_msg_count	num_jobs_recv
1	0	0	0
1	0	0	0
1	0	0	0
1	0	0	0
2	1	1	0
2	1	1	0
2	1	1	0
2	1	1	0
2	1	1	0
2	1	1	0
2	1	1	0
2	1	1	0
2	1	1	0
2	1	1	0
2	1	1	0
2	1	1	0
2	1	1	0
2	2	2	1
2	11	10	5
2	20	18	8
2	27	27	10
2	28	32	10
2	28	32	10
2	28	32	10
2	28	32	10
2	28	32	10
2	28	32	10
2	28	32	10
2	28	32	10
2	28	32	10
2	28	32	10
2	28	32	10
2	28	32	10
2	33	37	13
2	40	43	14
2	44	56	14
2	51	64	14
2	51	64	14
2	51	64	14
2	51	64	14
2	51	64	14
2	51	64	14
2	51	64	14
2	51	64	14
2	51	64	14
2	51	64	14
2	55	67	17
2	62	76	21
2	69	84	24
2	77	93	26
2	79	103	26
2	79	103	26
2	79	103	26
2	79	103	26
2	79	103	26
2	79	103	26
2	79	103	26
2	79	103	26
2	79	103	26
2	79	103	26
2	79	103	26
2	79	103	26
2	79	103	26
2	79	103	26
2	79	103	26
2	79	103	26
2	79	103	26
2	79	103	26
2	79	103	26
2	79	103	26
2	79	103	26
2	79	103	26
2	79	103	26
2	79	103	26
2	79	103	27
2	87	110	29
2	87	111	29
2	87	111	29
2	87	111	29
2	87	111	29
2	87	111	29
2	87	111	29
2	87	111	29
2	87	111	29
2	87	111	29
2	87	111	29
2	87	111	29
2	87	111	29
2	87	111	29
2	87	111	29
2	87	111	29
2	87	111	29
2	87	111	29
2	87	111	29
2	87	111	29
2	87	111	29
2	91	115	32
2	97	121	34
2	97	121	34
2	97	121	34
2	97	121	34
2	97	121	34
2	97	121	34
2	97	121	34
2	97	121	34
2	97	121	34
2	97	121	34
2	97	121	34
2	97	121	34
2	97	121	34
2	97	121	34
2	97	121	34
2	97	121	34
2	97	121	34
2	97	121	34
2	97	121	34
2	97	121	34
2	97	121	34
2	97	121	34
2	97	121	34
2	97	121	34
2	97	121	34
2	97	121	34
2	97	121	34
2	97	121	34
2	97	121	34
2	97	121	34
2	97	121	34
2	97	121	34
2	97	121	34
2	97	121	34
2	97	121	34
2	97	121	34
2	97	121	34
2	97	121	34
2	97	121	34
2	97	121	34
2	97	121	34
2	97	121	34
2	97	121	34
2	97	121	34
2	97	121	34
2	97	121	34
2	97	121	34
2	97	121	34
2	97	121	34
2	97	121	34
2	97	121	34
2	97	121	34
2	97	121	34
2	97	121	34
2	97	121	34
2	97	121	34
2	97	121	34
2	97	121	34
2	97	121	34
2	97	121	34
2	97	121	34
2	97	121	34
2	97	121	34
2	97	121	34
2	97	121	34
2	97	121	34
2	97	121	34
2	97	121	34
