insert_msg_count	lookup_msg_count	cswap_msg_count	num_jobs_recv
0	0	0	0
0	0	0	0
0	0	0	0
1	1	1	0
1	1	1	0
1	1	1	0
1	1	1	0
1	1	1	0
1	1	1	0
1	1	1	0
1	1	1	0
1	1	1	0
1	1	1	0
1	1	1	0
1	1	1	0
1	6	6	3
1	7	11	3
1	7	11	3
1	7	11	3
1	15	19	8
1	23	27	10
1	24	28	10
1	24	28	10
1	24	28	10
1	24	28	10
1	24	28	10
1	24	28	10
1	24	28	10
1	24	28	10
1	24	28	10
1	28	31	13
1	34	38	15
1	38	41	17
1	44	47	21
1	50	55	23
1	50	55	23
1	50	55	23
1	50	55	23
1	50	55	23
1	50	55	23
1	50	55	23
1	50	55	23
1	50	55	23
1	50	55	23
1	50	55	23
1	50	55	23
1	50	55	23
1	52	56	24
1	57	61	27
1	63	69	29
1	63	69	29
1	63	69	29
1	63	69	29
1	63	69	29
1	63	69	29
1	63	69	29
1	63	69	29
1	63	69	29
1	63	69	29
1	66	72	32
1	73	79	34
1	73	79	34
1	73	79	34
1	73	79	34
1	73	79	34
1	73	79	34
1	73	79	34
1	73	79	34
1	73	79	34
1	73	79	34
1	77	83	38
1	86	91	41
1	93	100	44
1	95	107	44
1	95	107	44
1	95	107	44
1	95	107	44
1	95	107	44
1	95	107	44
1	95	107	44
1	95	107	44
1	95	107	44
1	95	107	44
1	95	107	44
1	95	107	44
1	95	107	44
1	95	107	44
1	95	107	44
1	95	107	44
1	95	107	44
1	95	107	44
1	95	107	44
1	95	107	44
1	97	109	45
1	99	111	46
1	99	111	46
1	99	111	46
1	99	111	46
1	99	111	46
1	99	111	46
1	99	111	46
1	99	111	46
1	99	111	46
1	99	111	46
1	99	111	46
1	99	111	46
1	99	111	46
1	99	111	46
1	99	111	46
1	99	111	46
1	99	111	46
1	99	111	46
1	99	111	46
1	99	111	46
1	99	111	46
1	99	111	46
1	99	111	46
1	99	111	46
1	99	111	46
1	99	111	46
1	99	111	46
1	99	111	46
1	99	111	46
1	99	111	46
1	99	111	46
1	99	111	46
1	99	111	46
1	99	111	46
1	99	111	46
1	99	111	46
1	99	111	46
1	99	111	46
1	99	111	46
1	99	111	46
1	99	111	46
1	99	111	46
1	99	111	46
1	99	111	46
1	99	111	46
1	99	111	46
1	99	111	46
1	99	111	46
1	99	111	46
1	99	111	46
1	99	111	46
1	99	111	46
1	99	111	46
1	99	111	46
1	99	111	46
1	99	111	46
1	99	111	46
1	99	111	46
1	99	111	46
1	99	111	46
1	99	111	46
1	99	111	46
1	99	111	46
1	99	111	46
1	99	111	46
1	99	111	46
1	99	111	46
1	99	111	46
1	99	111	46
1	99	111	46
1	99	111	46
