insert_msg_count	lookup_msg_count	cswap_msg_count	num_jobs_recv
0	0	0	0
0	0	0	0
0	0	0	0
0	0	0	0
0	0	0	0
0	0	0	0
0	0	0	0
0	0	0	0
0	1	0	0
0	1	0	0
0	1	0	0
0	1	0	0
0	1	0	0
0	1	0	0
0	1	0	0
0	1	0	0
0	1	0	0
0	1	0	0
0	1	0	0
0	1	0	0
0	1	0	0
0	1	0	0
0	1	0	0
0	1	0	0
0	1	0	1
0	1	0	1
0	1	0	1
0	1	0	1
0	1	0	1
0	1	0	1
0	1	0	1
0	1	0	1
0	1	0	1
0	1	0	1
0	1	0	1
0	1	0	1
0	1	0	1
0	1	0	1
0	1	0	1
0	1	0	1
0	1	0	1
0	1	0	1
0	1	0	1
0	1	0	1
0	1	0	1
0	1	0	1
0	1	0	1
0	1	0	1
0	1	0	1
0	1	0	1
0	1	0	1
0	1	0	1
0	1	0	1
0	1	0	1
0	1	0	1
0	1	0	1
0	1	0	1
0	1	0	1
0	1	0	1
0	1	0	1
0	1	0	1
0	1	0	1
0	1	0	1
0	1	0	1
0	1	0	1
0	1	0	1
0	1	0	1
0	1	0	1
0	1	0	1
0	1	0	1
0	1	0	1
0	1	0	1
0	1	0	1
0	1	0	1
0	1	0	1
0	1	0	1
0	1	0	1
0	1	0	1
0	1	0	1
0	1	0	1
0	1	0	1
0	1	0	1
0	1	0	1
0	1	0	1
0	1	0	1
0	1	0	1
0	1	0	1
0	1	0	1
0	1	0	1
0	1	0	1
0	1	0	1
0	1	0	1
0	1	0	1
0	1	0	1
0	1	0	1
0	1	0	1
0	1	0	1
0	1	0	1
0	1	0	1
0	1	0	1
0	1	0	1
0	1	0	1
0	1	0	1
0	1	0	1
0	1	0	1
0	1	0	1
0	1	0	1
0	1	0	1
0	1	0	1
0	1	0	1
0	1	0	1
0	1	0	1
0	1	0	1
0	1	0	1
0	1	0	1
0	1	0	1
0	1	0	1
0	1	0	1
0	1	0	1
0	1	0	1
0	1	0	1
0	1	0	1
0	1	0	1
0	1	0	1
0	1	0	1
0	1	0	1
0	1	0	1
0	1	0	1
0	1	0	1
0	1	0	1
0	1	0	1
0	1	0	1
0	1	0	1
0	1	0	1
0	1	0	1
0	1	0	1
0	1	0	1
0	1	0	1
0	1	0	1
0	1	0	1
0	1	0	1
0	1	0	1
0	1	0	1
0	1	0	1
0	1	0	1
0	1	0	1
0	1	0	1
0	1	0	1
0	1	0	1
0	1	0	1
0	1	0	1
0	1	0	1
0	1	0	1
0	1	0	1
0	1	0	1
0	1	0	1
0	1	0	1
0	1	0	1
0	1	0	1
0	1	0	1
0	1	0	1
0	1	0	1
0	1	0	1
0	1	0	1
0	1	0	1
0	1	0	1
0	1	0	1
0	1	0	1
0	1	0	1
0	1	0	1
0	1	0	1
0	1	0	1
0	1	0	1
0	1	0	1
0	1	0	1
0	1	0	1
0	1	0	1
0	1	0	1
0	1	0	1
0	1	0	1
0	1	0	1
0	1	0	1
0	1	0	1
0	1	0	1
0	1	0	1
0	1	0	1
0	1	0	1
0	1	0	1
0	1	0	1
0	1	0	1
0	1	0	1
0	1	0	1
0	1	0	1
0	1	0	1
0	1	0	1
0	1	0	1
0	1	0	1
0	1	0	1
0	1	0	1
0	1	0	1
