insert_msg_count	lookup_msg_count	cswap_msg_count
1	0	0
1	0	0
1	0	0
1	0	0
1	0	0
1	0	0
2	1	1
2	1	1
2	1	1
2	1	1
2	1	1
2	1	1
2	1	1
2	1	1
2	1	1
2	1	1
2	1	1
2	1	1
2	1	1
2	4	3
2	17	16
2	31	31
2	45	44
2	58	58
2	72	72
2	86	86
2	100	100
2	101	101
2	101	101
2	101	101
2	101	101
2	101	101
2	101	101
2	101	101
2	101	101
2	101	101
2	101	101
2	101	101
2	101	101
2	101	101
2	101	101
2	101	101
2	101	101
2	101	101
2	101	101
2	101	101
2	101	101
2	101	101
2	101	101
2	101	101
2	101	101
2	101	101
2	101	101
2	101	101
2	101	101
2	101	101
2	101	101
2	101	101
2	101	101
2	101	101
2	101	101
2	101	101
2	101	101
2	101	101
2	101	101
2	101	101
2	101	101
2	101	101
2	101	101
2	101	101
2	101	101
2	101	101
2	101	101
2	101	101
2	101	101
2	101	101
2	101	101
2	101	101
2	101	101
2	101	101
2	101	101
2	101	101
2	101	101
2	101	101
2	101	101
2	101	101
2	101	101
2	101	101
2	101	101
2	101	101
2	101	101
2	101	101
2	101	101
2	101	101
2	101	101
2	101	101
2	101	101
2	101	101
2	101	101
2	101	101
2	101	101
2	101	101
2	101	101
2	101	101
2	101	101
2	101	101
2	101	101
2	101	101
2	101	101
2	101	101
2	101	101
2	101	101
2	101	101
2	101	101
2	101	101
2	101	101
2	101	101
2	101	101
2	101	101
2	101	101
